<?xml version="1.0" encoding="UTF-8" standalone="no"?>
<!-- Created with Inkscape (http://www.inkscape.org/) -->

<svg
   xmlns:dc="http://purl.org/dc/elements/1.1/"
   xmlns:cc="http://creativecommons.org/ns#"
   xmlns:rdf="http://www.w3.org/1999/02/22-rdf-syntax-ns#"
   xmlns:svg="http://www.w3.org/2000/svg"
   xmlns="http://www.w3.org/2000/svg"
   xmlns:sodipodi="http://sodipodi.sourceforge.net/DTD/sodipodi-0.dtd"
   xmlns:inkscape="http://www.inkscape.org/namespaces/inkscape"
   width="210mm"
   height="297mm"
   viewBox="0 0 744.09448819 1052.3622047"
   id="svg2"
   version="1.1"
   inkscape:version="0.91 r13725"
   sodipodi:docname="Easter.svg">
  <defs
     id="defs4" />
  <sodipodi:namedview
     id="base"
     pagecolor="#ffffff"
     bordercolor="#666666"
     borderopacity="1.0"
     inkscape:pageopacity="0.0"
     inkscape:pageshadow="2"
     inkscape:zoom="0.35"
     inkscape:cx="375"
     inkscape:cy="520"
     inkscape:document-units="px"
     inkscape:current-layer="layer1"
     showgrid="false"
     inkscape:window-width="1680"
     inkscape:window-height="987"
     inkscape:window-x="-8"
     inkscape:window-y="-8"
     inkscape:window-maximized="1" />
  <metadata
     id="metadata7">
    <rdf:RDF>
      <cc:Work
         rdf:about="">
        <dc:format>image/svg+xml</dc:format>
        <dc:type
           rdf:resource="http://purl.org/dc/dcmitype/StillImage" />
        <dc:title></dc:title>
      </cc:Work>
    </rdf:RDF>
  </metadata>
  <g
     inkscape:label="Ebene 1"
     inkscape:groupmode="layer"
     id="layer1">
    <path
       style="fill:#000000"
       d="m 139.46529,389.58155 c -5.81087,-1.56678 -16.65847,-7.31079 -18.04586,-9.55561 -1.10668,-1.79065 -11.15932,-1.51939 -28.528251,0.76983 -21.7211,2.86283 -34.83421,1.94752 -45.19875,-3.15493 -11.21884,-5.52302 -15.77039,-11.92535 -13.86762,-19.50659 1.24987,-4.97989 8.92758,-12.5485 15.67298,-15.4503 7.28201,-3.13264 13.61424,-3.56381 31.1286,-2.1196 l 12.94779,1.06765 -1.60235,-2.98313 c -0.88129,-1.64071 -1.93072,-4.57823 -2.33205,-6.52783 l -0.7297,-3.54472 -13.74074,-0.20528 c -12.06117,-0.18019 -14.6197,-0.61719 -20.93155,-3.57514 -14.18498,-6.64756 -28.62072,-23.84015 -35.05459,-41.74908 -10.2571404,-28.55113 -6.38649,-65.45033 9.55554,-91.09353 3.05324,-4.91124 3.06189,-5.00805 0.83787,-9.375 -4.09595,-8.04255 -6.27325,-17.80839 -6.25976,-28.0769 0.0112,-8.52572 0.78789,-12.30695 5.02171,-24.44761 3.21223,-9.21117 5.45819,-18.40136 6.26241,-25.62501 2.50833,-22.530066 7.55867,-32.285798 19.55744,-37.779017 5.58777,-2.558164 8.12203,-3.032317 13.07308,-2.445938 9.69101,1.147756 20.05217,7.529373 32.45039,19.986749 l 11.100451,11.153414 2.41887,-2.964113 c 1.93657,-2.373106 2.06331,-3.044695 0.63563,-3.368266 -2.43326,-0.55148 -2.25264,-1.425946 1.02927,-4.983045 l 2.8125,-3.048327 -2.8125,0.864498 c -2.07574,0.638035 -2.8125,0.358809 -2.8125,-1.06592 0,-2.941661 6.10783,-6.306232 11.44794,-6.306232 4.00311,0 4.49852,-0.271072 3.0828,-1.686789 -0.92773,-0.927733 -4.01417,-1.998955 -6.85876,-2.380495 -5.84965,-0.784603 -6.40177,-1.861395 -2.39385,-4.668655 7.57482,-5.305611 20.2681,0.541414 25.27382,11.642124 1.92912,4.278023 6.94805,9.07306 6.94805,6.638098 0,-0.574795 -1.40625,-4.505885 -3.125,-8.735753 -2.60457,-6.409896 -3.125,-9.75034 -3.125,-20.058353 0,-13.09265 1.65067,-19.972832 6.38795,-26.625737 4.09535,-5.751381 11.93847,-10.839558 18.14267,-11.769934 8.9431,-1.341102 15.13308,1.803509 25.73572,13.074174 5.01495,5.330923 12.77222,12.416151 17.23837,15.744949 17.52159,13.059506 21.80158,19.024112 25.57726,35.644552 1.17135,5.15625 3.7696,14.469707 5.77388,20.696576 6.68975,20.78361 4.59712,27.4033 -8.65156,27.36779 -11.099,-0.0297 -17.98361,-4.52397 -30.84418,-20.13482 -5.8584,-7.11126 -11.15891,-12.929546 -11.77892,-12.929546 -3.60851,0 -9.58884,16.253026 -8.34953,22.691926 1.40758,7.31319 2.1596,7.78365 8.82484,5.52074 6.34272,-2.15342 12.683,-1.32609 17.60712,2.2975 2.6799,1.9721 2.35352,2.22954 -4.83097,3.81057 l -3.54234,0.77953 3.22984,2.5406 c 4.0735,3.2042 4.1092,4.85914 0.10485,4.85914 -1.71875,0 -3.125,0.5625 -3.125,1.25 0,0.6875 0.54805,1.25 1.2179,1.25 1.48009,0 5.49696,7.44053 4.1267,7.64394 -0.53328,0.0791 -1.82436,0.0658 -2.86906,-0.0298 -1.52034,-0.13904 -1.89459,1.41009 -1.875,7.76116 0.0205,6.66481 -0.57577,8.90241 -3.72554,13.97965 -4.75566,7.66583 -12.77388,13.18359 -24.51695,16.87144 -5.07818,1.59476 -9.68403,3.29409 -10.23521,3.77625 -1.6846,1.47365 1.72428,12.25631 5.54007,17.52386 2.44421,3.37414 4.55095,4.97348 6.55135,4.97348 4.12223,0 9.4562,4.54935 12.00268,10.23706 1.5718,3.51075 4.81878,6.65925 12.03046,11.66557 5.43267,3.77137 13.2526,10.19543 17.3776,14.27572 l 7.5,7.41868 6.84964,-4.31905 c 3.76728,-2.37547 8.82978,-4.86916 11.25,-5.54153 9.16655,-2.54664 21.02122,-0.63459 19.56666,3.15592 -0.46963,1.22384 0.0627,1.85763 1.56039,1.85763 6.6688,0 20.10877,16.0126 20.13658,23.99105 0.006,1.85132 1.2362,5.44138 2.73279,7.97791 2.03553,3.44995 2.74411,6.74681 2.8125,13.08584 0.10613,9.8317 -1.01771,11.76685 -4.3128,7.42652 l -2.35825,-3.10632 0.63924,8.75 c 0.73479,10.05761 -0.52776,13.39943 -3.98376,10.54462 -2.01723,-1.66631 -2.12286,-1.42194 -1.4776,3.41808 0.76276,5.72132 0.19432,6.52472 -13.66779,19.31782 -6.1579,5.68303 -17.49262,11.09448 -23.23826,11.09448 -2.58936,0 -2.77148,0.55557 -2.76561,8.4375 0.005,6.73761 -0.55645,9.2264 -2.78683,12.35322 -4.36924,6.12535 -12.65406,9.2984 -27.78572,10.64184 -7.24415,0.64315 -20.76493,1.99576 -30.04618,3.0058 -19.96792,2.17302 -29.80941,2.19985 -37.58831,0.10237 z m 40.08831,-3.35436 c 4.46875,-0.63945 15.23345,-1.66087 23.92155,-2.2698 13.65215,-0.95687 16.65531,-1.57457 22.12257,-4.55023 11.16247,-6.07537 12.76093,-13.83119 5.83088,-28.29177 -2.40625,-5.021 -4.375,-9.95182 -4.375,-10.95735 0,-3.68225 4.11572,-16.36728 5.31044,-16.36728 1.26078,0 0.90747,2.52976 -1.35298,9.6875 -0.70562,2.23438 -0.83025,4.0625 -0.27695,4.0625 0.55329,0 2.27515,-3.94709 3.82634,-8.77131 5.49205,-17.08028 3.08904,-37.3191 -6.90845,-58.18495 -4.43629,-9.25904 -7.00468,-12.80229 -14.04431,-19.375 -4.73834,-4.42406 -12.0357,-10.41621 -16.21637,-13.31591 -8.06441,-5.59345 -9.08772,-5.40252 -9.08772,1.69558 0,4.29964 -11.50315,31.67729 -16.14358,38.42192 -5.65567,8.22022 -11.3216,11.25808 -20.83064,11.16863 -4.29329,-0.0404 -10.85168,-0.45397 -14.57419,-0.91907 l -6.7682,-0.84563 -1.4893,4.97085 c -0.81912,2.73398 -3.51761,7.96539 -5.99665,11.62538 l -4.50735,6.65451 1.42692,9.31063 c 1.66191,10.84395 5.67141,20.2688 11.05931,25.99635 3.3665,3.57872 4.31046,3.94711 8.00753,3.125 5.33935,-1.1873 12.47071,-1.13138 27.124,0.2127 l 11.68284,1.07161 -1.92388,-3.72038 c -5.24958,-10.15157 -5.8619,-34.30246 -1.10493,-43.58117 7.78752,-15.19 32.86251,-26.34028 45.05538,-20.03509 2.1905,1.13275 3.98274,2.6076 3.98274,3.27745 0,1.65889 -0.73987,1.5459 -5.29224,-0.80822 -11.12823,-5.75464 -33.92431,4.67462 -41.23337,18.86436 -5.15014,9.99842 -3.9019,33.49897 2.26175,42.58161 1.65762,2.44265 3.01386,4.6821 3.01386,4.97658 0,0.29447 -10.26562,0.41012 -22.8125,0.25698 -25.1459,-0.30688 -26.3438,-0.0316 -34.39277,7.9048 -5.33755,5.26288 -6.20306,9.05658 -3.36767,14.76119 l 2.26428,4.5556 0.96462,-6.25 c 0.72221,-4.67944 1.92817,-7.11381 4.79904,-9.6875 3.77487,-3.3841 8.795,-4.63271 8.795,-2.1875 0,0.6875 -0.88702,1.25 -1.97115,1.25 -3.2251,0 -9.27885,6.94733 -9.27885,10.64848 0,7.24131 8.0851,14.35152 16.31927,14.35152 2.1028,0 2.30503,-0.39922 1.2247,-2.41782 -3.27086,-6.11168 0.10738,-14.9328 6.96502,-18.18698 4.59482,-2.18039 7.99101,-2.4546 7.99101,-0.6452 0,0.6875 -0.61811,1.25 -1.37359,1.25 -0.75547,0 -3.23482,0.88321 -5.50967,1.9627 -6.965,3.30511 -8.75605,12.21941 -3.50929,17.46619 1.77907,1.77906 3.65952,1.9738 12.18562,1.26194 5.54507,-0.46297 13.73818,-1.36495 18.20693,-2.0044 z m -87.550411,-8.0343 c 8.621481,-1.01634 17.925411,-2.00072 20.675411,-2.1875 4.81716,-0.3272 4.98536,-0.48594 4.59973,-4.34075 -0.54883,-5.48617 2.84968,-12.07907 8.32565,-16.15123 2.51604,-1.87104 4.78524,-3.5628 5.04266,-3.75947 0.25742,-0.19668 -1.09549,-2.20948 -3.00646,-4.47289 -5.17849,-6.13354 -9.06298,-15.42063 -10.70348,-25.59003 l -1.4621,-9.06346 -5.00103,4.2807 c -2.75057,2.35438 -8.07351,5.55416 -11.828771,7.11064 -6.72282,2.78645 -6.81685,2.89705 -6.11906,7.19707 0.38978,2.40194 1.90676,5.98762 3.37106,7.96819 4.02675,5.44646 2.03939,6.308 -10.89257,4.72199 -24.65858,-3.0242 -36.75754,-0.72581 -44.47784,8.44925 -4.68047,5.56241 -5.18917,8.20379 -2.61742,13.59055 l 2.25333,4.71981 0.69564,-5.15035 c 1.10144,-8.15476 6.44692,-14.22465 12.52703,-14.22465 2.59079,0 0.93792,2.33586 -2.50119,3.53474 -3.63745,1.26802 -7.58018,6.93639 -7.58018,10.89782 0,6.00844 8.81563,13.06744 16.31927,13.06744 2.18522,0 2.3294,-0.35369 1.08898,-2.67144 -1.95121,-3.64586 -0.58828,-10.81857 2.72606,-14.34652 3.45289,-3.67544 10.82516,-6.27258 12.64358,-4.45414 0.89698,0.89698 -0.10577,1.56103 -3.24713,2.15035 -5.02674,0.94303 -10.78076,6.68054 -10.78076,10.74984 0,2.85836 2.23444,7.51969 4.24963,8.86527 2.05694,1.37345 8.33583,1.15572 25.69996,-0.89123 z M 252.26297,348.68395 c 5.01765,-2.55981 5.19195,-2.81455 2.58549,-3.77874 -3.77157,-1.3952 -3.54421,-3.61445 0.37029,-3.61445 4.5549,0 10.73642,-2.91442 14.24024,-6.7139 3.02302,-3.2781 3.02377,-3.2861 0.3125,-3.2861 -3.88065,0 -3.35625,-1.71095 1.03211,-3.36737 3.07435,-1.16044 3.75,-2.12549 3.75,-5.35623 0,-2.16741 -0.56403,-4.99464 -1.25338,-6.28271 -1.89565,-3.54205 0.50209,-4.06945 4.4353,-0.97559 l 3.47578,2.73405 -0.78869,-6.65917 c -0.43377,-3.66255 -1.67011,-8.00442 -2.74741,-9.64859 -1.76086,-2.68743 -1.76395,-3.06416 -0.0305,-3.72934 1.06051,-0.40696 3.31032,0.16568 4.99959,1.27251 4.47852,2.93444 4.7832,2.62098 3.81496,-3.92506 -1.51955,-10.27329 -6.46965,-16.87892 -13.53416,-18.06056 -3.88477,-0.64979 -2.37759,-2.85896 2.22741,-3.2649 2.42061,-0.21338 4.40111,-0.80636 4.40111,-1.31776 0,-2.58722 -7.73932,-12.61329 -11.55844,-14.97363 -4.6579,-2.87875 -10.87405,-3.48872 -14.69787,-1.44227 -3.45509,1.84911 -4.33001,-0.66705 -1.28928,-3.70779 3.73268,-3.73268 3.21303,-4.22286 -3.61892,-3.41373 -6.60965,0.78283 -15.24733,4.58157 -19.71059,8.66847 l -2.75009,2.51821 3.56863,7.06942 c 12.21274,24.19328 14.06135,49.61653 5.00087,68.77488 -3.5661,7.54052 -3.58856,7.72411 -1.48486,12.13561 2.09229,4.38756 2.25611,4.46503 8.00279,3.78443 3.22672,-0.38217 8.28794,-1.93003 11.24714,-3.43969 z M 81.741099,326.7529 c 2.03906,-0.54644 2.8125,-1.68495 2.8125,-4.14004 0,-10.59544 -21.21584,-13.79741 -29.93369,-4.51769 l -2.80131,2.98187 2.93,1.58908 c 6.65274,3.60812 20.79103,5.74872 26.9925,4.08678 z m 20.339841,-6.72609 c 10.26076,-5.23465 23.48434,-21.28994 25.1675,-30.55689 0.6247,-3.4394 -11.46758,-5.86011 -17.43084,-3.48941 -3.59517,1.42926 -4.78852,1.33463 -9.51058,-0.75416 -17.007961,-7.52343 -18.507441,-33.5699 -1.907541,-33.13464 2.687451,0.0705 5.650761,0.7626 6.585151,1.53806 1.26132,1.04682 2.74576,1.04502 5.76351,-0.007 2.50976,-0.8749 7.36855,-1.10987 12.70146,-0.61422 l 8.63682,0.8027 -0.80741,-5.32275 c -1.07902,-7.11276 -6.59809,-24.69724 -7.75166,-24.69724 -0.50462,0 -2.07849,0.8132 -3.49751,1.80711 -7.86802,5.51099 -21.366911,4.91587 -27.494931,-1.21216 -4.39915,-4.39915 -4.12103,-11.76292 0.62348,-16.50742 3.57414,-3.57415 11.029641,-6.58753 16.298411,-6.58753 2.71407,0 2.71829,-0.034 0.47997,-3.86645 -3.76334,-6.44359 -19.850301,-20.82857 -27.755781,-24.81925 -4.09056,-2.0649 -9.67443,-4.11209 -12.40859,-4.5493 l -4.9712,-0.79492 -0.4363,7.13988 c -0.3477,5.69004 -0.0124,7.3664 1.65109,8.25537 3.1321,1.67376 4.99889,8.53948 3.62469,13.33102 -2.83134,9.87234 -11.14742,16.55365 -20.60394,16.55365 -8.15767,0 -11.96794,-3.84442 -12.0229,-12.13069 -0.0225,-3.40078 -0.86723,-7.07597 -1.95228,-8.49431 -1.91253,-2.5 -1.91253,-2.5 -3.85217,0 -1.0668,1.375 -3.58964,5.95868 -5.60631,10.18594 l -3.66667,7.68594 2.55392,4.18906 c 4.83299,7.92729 2.67539,19.49147 -5.04492,27.03951 l -4.01102,3.92151 0.71233,12.23903 c 1.42217,24.43516 11.123,44.9052 27.72952,58.513 l 5.78317,4.73887 4.09064,-3.96481 c 11.46248,-11.10986 33.30355,-6.38179 33.30355,7.20943 0,2.3685 0.26501,2.41312 4.80905,0.8099 2.64498,-0.93322 7.24321,-2.93855 10.218291,-4.45633 z M 33.441189,284.54637 c -4.26174,-2.3621 -6.29232,-6.72531 -6.3433,-13.63018 -0.0999,-13.5298 11.55317,-25.06498 20.85771,-20.64672 11.02503,5.23524 9.36681,26.32013 -2.64604,33.64539 -4.52785,2.76101 -7.71985,2.93086 -11.86837,0.63151 z m 11.11422,-2.83052 c 7.6324,-4.50856 11.07358,-17.30241 6.85045,-25.46905 -5.96846,-11.54174 -22.38798,-0.89301 -22.38798,14.51952 0,11.05655 7.00248,15.9913 15.53753,10.94953 z m 118.121241,2.07611 c 5.43477,-3.35887 9.73021,-10.15711 16.46999,-26.06644 8.55926,-20.20425 8.78032,-32.61657 0.69418,-38.97712 -4.36877,-3.43649 -10.52327,-3.14943 -15.10336,0.70447 -2.06687,1.73917 -6.87913,9.26398 -10.69391,16.7218 -6.76711,13.22963 -13.51897,21.36609 -17.73016,21.36609 -1.04677,0 -5.82265,-0.64727 -10.61307,-1.4384 -6.85137,-1.13149 -9.83668,-1.09581 -13.99079,0.16719 l -5.28093,1.60559 5.625,2.47962 c 6.13603,2.7049 5.15551,4.28673 -1.51544,2.44479 -2.29046,-0.63243 -5.41774,-0.68625 -6.94951,-0.11963 -3.623091,1.34029 -3.814281,6.11084 -0.2449,6.11084 3.82515,0 11.49436,3.52839 10.64751,4.89861 -0.45292,0.73284 -2.42139,0.49943 -5.04981,-0.5988 -7.56382,-3.16036 -9.336971,-1.45021 -3.80861,3.6733 5.37807,4.98423 24.79156,9.16652 43.64822,9.40322 7.81844,0.0981 10.68715,-0.3922 13.89559,-2.37513 z m -52.66197,0.26404 c 0.33474,-0.54163 -1.08886,-1.73615 -3.16356,-2.6545 -8.471251,-3.74974 -11.100331,-16.52671 -4.78408,-23.25005 l 2.80299,-2.98364 -3.45876,-0.86809 c -11.536061,-2.89537 -16.821141,9.99274 -8.965581,21.86329 4.28126,6.46943 15.369951,11.4511 17.568991,7.89299 z m 30.53076,-32.11483 c 2.026,-1.70477 6.94023,-9.34216 10.9205,-16.97198 4.7159,-9.03995 8.85716,-15.23273 11.88821,-17.77745 l 4.65134,-3.90505 -2.90306,-4.43547 c -1.59669,-2.4395 -3.56514,-7.10733 -4.37434,-10.37296 -0.8092,-3.26562 -1.71433,-5.9375 -2.0114,-5.9375 -1.96115,0 -20.41309,10.64336 -20.41309,11.7746 0,0.77216 -2.75474,5.18253 -6.12164,9.80081 l -6.12164,8.39688 2.98222,9.39107 c 1.64023,5.16509 3.31686,11.7807 3.72586,14.70137 1.37461,9.81611 1.96829,10.22342 7.77704,5.33568 z M 22.852739,233.45401 c 2.86368,-5.53774 2.29872,-19.66325 -0.78644,-19.66325 -1.82218,0 -6.2627,18.02621 -6.2627,25.42331 0,2.42498 0.0418,2.42634 2.62797,0.0859 1.44539,-1.30806 3.43491,-3.93874 4.42117,-5.84594 z m 92.053511,-7.59462 c 7.64745,-3.19668 8.10528,-4.96418 3.63436,-14.03073 -3.8977,-7.90412 -4.04775,-8.0379 -9.01549,-8.0379 -9.15083,0 -18.721521,6.39016 -18.721521,12.5 0,2.84149 4.64772,8.67644 7.98515,10.02491 4.035171,1.6304 11.640611,1.41509 16.117501,-0.45628 z m 11.86089,-9.33425 c 0.27214,-0.81642 -0.39583,-1.48438 -1.48437,-1.48438 -1.08854,0 -1.97917,0.89063 -1.97917,1.97916 0,2.20742 2.69095,1.82299 3.46354,-0.49478 z m 6.22396,-8.35732 c 3.21904,-4.96962 3.53282,-6.87706 1.13129,-6.87706 -0.92466,0 -5.27021,-2.31969 -9.65679,-5.15487 -7.65296,-4.94635 -17.23636,-9.18743 -18.31749,-8.1063 -0.28353,0.28353 1.46049,3.10422 3.87561,6.2682 2.41512,3.16397 5.96922,8.56242 7.898,11.99656 3.16892,5.64214 3.92851,6.2425 7.88188,6.22966 3.61315,-0.0113 4.86476,-0.7703 7.1875,-4.35619 z m -78.831381,1.79342 c 4.31079,-1.62873 10.01278,-6.88878 12.38047,-11.4209 2.44265,-4.6756 2.20387,-8.9439 -0.69501,-12.4236 l -2.45841,-2.95098 -0.0486,3.75 c -0.21179,16.35665 -10.52061,24.51241 -19.90403,15.74698 -4.39886,-4.10915 -5.70611,-3.396 -3.79966,2.07285 2.00588,5.75406 7.70242,7.80347 14.5252,5.22565 z m 2.1026,-8.48674 c 2.55912,-2.82779 4.05373,-10.95468 5.78098,-31.43374 1.32087,-15.66087 3.2776,-26.06717 9.28415,-49.375 2.605,-10.10847 3.22178,-15.42964 3.22373,-27.812506 10e-4,-9.373389 0.48724,-15.3125 1.25242,-15.3125 0.6875,0 1.25,1.584039 1.25,3.520086 0,3.156323 1.0778,4.066584 10.42973,8.808448 5.73635,2.908598 12.34572,6.933193 14.687501,8.943546 3.58098,3.074186 3.95973,3.863866 2.38277,4.968046 -1.03125,0.72207 -3.84375,0.99077 -6.250001,0.59711 l -4.375,-0.71574 3.75,3.14431 c 3.643401,3.05491 3.667471,3.14557 0.84677,3.18925 l -2.90322,0.045 2.57369,3.27192 c 1.41553,1.79956 2.225731,3.83494 1.80044,4.52308 -0.70748,1.14472 -18.39411,0.80987 -22.80096,-0.43168 -1.04946,-0.29566 -2.12676,0.90653 -2.73061,3.04718 -0.90824,3.2197 -0.61088,3.69697 3.32899,5.34315 2.37948,0.99421 7.54575,1.93448 11.48061,2.0895 l 7.15429,0.28185 0,12.14931 0,12.1493 -4.62809,-0.73706 c -6.39385,-1.01829 -12.21031,0.29411 -16.49141,3.72103 l -3.6195,2.89733 5.99553,-0.09 c 3.74478,-0.0561 6.19848,0.49663 6.53616,1.47255 0.29735,0.85938 -0.28111,1.5625 -1.28547,1.5625 -1.00436,0 -2.59811,0.93705 -3.54167,2.08234 -1.5481,1.8791 -1.37442,1.99738 1.77943,1.21176 4.83203,-1.20363 6.54066,0.15405 3.88578,3.08767 -2.74277,3.03072 -1.55665,4.19997 3.88857,3.83326 3.46049,-0.23305 4.15837,0.0946 3.55422,1.66905 -1.54604,4.0289 7.45237,10.35711 18.784981,13.2107 3.20073,0.80595 7.97087,3.0238 10.6003,4.92855 6.90759,5.00384 12.09561,7.47667 15.68607,7.47667 1.72922,0 6.76011,-1.98763 11.17975,-4.41697 4.41964,-2.42934 13.29837,-6.1102 19.73052,-8.17969 6.43215,-2.06949 14.26709,-5.50132 17.41097,-7.6263 9.5585,-6.4607 14.44931,-15.93301 12.95441,-25.08954 -0.7104,-4.35128 -1.07121,-4.6875 -5.03043,-4.6875 -2.34581,0 -4.26512,-0.5625 -4.26512,-1.25 0,-0.6875 2.8125,-1.25 6.25,-1.25 6.58275,0 8.42375,-1.9068 3.125,-3.2367 -3.88478,-0.97501 -4.03198,-3.674 -0.3125,-5.72997 2.79122,-1.54287 2.78421,-1.55983 -0.92704,-2.24194 l -3.73954,-0.68731 2.59923,-2.48954 c 1.42957,-1.36925 3.67486,-3.15958 4.98954,-3.97853 2.07967,-1.29549 1.69185,-1.49854 -2.98427,-1.5625 -5.8833,-0.0805 -10.8286,1.98105 -14.50961,6.04852 -1.30805,1.44542 -2.8536,2.62801 -3.43455,2.62801 -1.6511,0 -1.24212,-2.13556 0.80006,-4.17775 1.64177,-1.64177 1.64177,-2.36984 0,-6.29914 -3.41356,-8.1698 -1.66443,-18.16951 4.85683,-27.76642 2.57374,-3.787586 2.86765,-5.059102 1.74102,-7.531787 -1.84487,-4.049048 -2.71823,-3.761299 -5.19801,1.712591 -1.16794,2.578125 -3.20961,6.09375 -4.53705,7.8125 -1.9517,2.527026 -2.41884,2.706426 -2.44131,0.9375 -0.0152,-1.203125 -0.73624,-2.1875 -1.60211,-2.1875 -2.41586,0 -4.60423,-4.378248 -3.77443,-7.55143 0.51406,-1.965789 0.29734,-2.564344 -0.70436,-1.945264 -0.79579,0.49183 -1.4469,1.704789 -1.4469,2.695465 0,2.602873 -2.49233,2.223815 -2.53975,-0.386271 -0.0361,-1.986328 -0.20735,-1.96598 -1.86209,0.221249 -2.50335,3.308912 -3.41927,1.900486 -4.09966,-6.304055 -0.70558,-8.508385 1.41031,-18.7485 5.78137,-27.979694 1.79047,-3.78125 3.09959,-7.859375 2.90918,-9.0625 -0.81226,-5.132408 1.93791,-1.547286 4.68155,6.102839 5.63378,15.70877 15.94407,34.847073 24.54783,45.566479 11.40713,14.212158 20.24927,23.200648 25.07602,25.491088 4.77494,2.26586 16.88557,2.52208 19.00555,0.4021 2.38369,-2.38369 1.75681,-9.81134 -1.67477,-19.84357 -1.74613,-5.104787 -4.28718,-14.241349 -5.64678,-20.303464 -4.10525,-18.30427 -8.07315,-24.171736 -24.30345,-35.938309 -4.125,-2.990526 -12.28125,-10.343819 -18.125,-16.340652 -7.89936,-8.106291 -11.92032,-11.276421 -15.67439,-12.3577 -7.4536,-2.146853 -14.48751,0.129794 -21.22879,6.871074 -6.8353,6.835296 -9.34682,14.725264 -9.34682,29.363048 0,9.131634 0.55848,12.056238 3.71619,19.460623 3.59071,8.419763 4.78701,14.41605 2.84631,14.266886 -3.03874,-0.233559 -9.68285,-6.416241 -12.57401,-11.700758 -4.00672,-7.323524 -7.8608,-10.323999 -14.61349,-11.376893 l -5,-0.77961 4.97992,2.930666 c 2.76355,1.626337 5.50969,4.437029 6.17023,6.315269 1.3441,3.821929 0.18619,5.894724 -2.04598,3.66255 -0.81355,-0.813541 -3.75729,-1.457148 -6.54167,-1.430238 l -5.0625,0.04892 4.15066,1.802797 c 2.28286,0.991539 3.79087,2.384947 3.35112,3.096463 -0.43974,0.711516 -1.18253,1.073627 -1.65065,0.80469 -0.46812,-0.268933 -1.97613,-0.03639 -3.35113,0.516757 -1.94792,0.783633 -1.46486,1.02513 2.1875,1.093585 5.50028,0.103087 6.14459,2.116864 1.25,3.906852 -1.89062,0.691416 -5.4558,3.577494 -7.9226,6.413507 L 111.20839,100.42964 98.193499,87.246287 C 80.899969,69.728923 69.461289,64.07895 58.538249,67.659141 c -12.15333,3.983432 -18.35038,13.867575 -20.3875,32.517539 -0.82127,7.51884 -3.27118,17.90621 -6.8147,28.89365 -8.32788,25.82241 -7.37055,38.68979 4.34579,58.41131 8.88609,14.95751 15.58536,19.5124 20.58048,13.99286 z M 127.0536,192.022 c 0,-0.97283 -2.51234,-3.98023 -5.58298,-6.6831 -6.10144,-5.3707 -9.11313,-11.10204 -6.96347,-13.25169 0.89527,-0.89526 1.29645,-0.53154 1.29645,1.17541 0,6.01555 7.84193,11.77107 12.58184,9.23434 1.67659,-0.89729 2.41816,-2.62234 2.41816,-5.62517 0,-3.75247 -0.40553,-4.33103 -3.03571,-4.33103 -4.79676,0 -7.31402,-3.36885 -6.3514,-8.50006 2.00086,-10.66549 8.15125,-13.34226 13.76009,-5.98869 4.29899,5.63628 4.69331,10.91748 0.93952,12.5834 -3.29584,1.46268 -3.57598,4.00906 -0.86662,7.87721 2.46124,3.51392 6.74077,3.54603 11.14253,0.0836 2.86645,-2.25475 3.31483,-3.37688 2.74716,-6.875 -0.47836,-2.94784 -0.19841,-4.18049 0.94944,-4.18049 0.89532,0 3.05805,-1.125 4.80608,-2.5 1.74802,-1.375 3.59856,-2.5 4.11231,-2.5 1.65456,0 -3.45093,4.91009 -5.92049,5.6939 -1.51796,0.48179 -2.15071,1.51765 -1.73751,2.84441 0.67836,2.17814 -0.15515,3.9579 -5.8579,12.50812 -1.89063,2.83463 -3.4375,5.93522 -3.4375,6.89018 0,1.0353 -1.89248,2.04909 -4.6875,2.51108 -7.41493,1.22561 -10.3125,0.95406 -10.3125,-0.96645 z m 6.03635,-3.02241 c 0.22624,-1.58985 0.079,-3.75684 -0.32729,-4.81552 -1.18484,-3.08765 -4.45906,0.47465 -4.45906,4.8514 0,2.83845 0.50418,3.5925 2.1875,3.27168 1.20312,-0.22931 2.37261,-1.71771 2.59885,-3.30756 z m 6.46365,-1.41485 c 0,-2.4267 -0.863,-4.16788 -2.5,-5.04398 -2.27002,-1.21487 -2.5,-0.95061 -2.5,2.87269 0,4.56061 0.74677,5.87731 3.33333,5.87731 1.01413,0 1.66667,-1.451 1.66667,-3.70602 z m 3.75,-3.94152 c 0,-0.6875 -0.5625,-0.90236 -1.25,-0.47746 -0.6875,0.4249 -1.25,1.33504 -1.25,2.02254 0,0.6875 0.5625,0.90236 1.25,0.47746 0.6875,-0.4249 1.25,-1.33504 1.25,-2.02254 z m -7.02902,-14.85821 c 2.50252,-2.42312 -3.59665,-13.74425 -7.40461,-13.74425 -4.02025,0 -7.62215,13.90969 -4.00387,15.46203 2.01268,0.86348 9.98188,-0.33644 11.40848,-1.71778 z m -28.0209,-17.54416 c -6.96699,-6.967 -6.58719,-20.78387 0.84671,-30.80309 7.97017,-10.74198 19.22153,-4.37243 19.17108,10.853 -0.0524,15.81798 -12.12156,27.8463 -20.01779,19.95009 z m 4.3807,-3.00568 c -3.01906,-3.01905 -3.08131,-5.45171 -0.23368,-9.13191 1.87066,-2.4176 6.78869,-1.8489 9.53884,1.10304 l 2.48333,2.66555 0.97289,-3.60305 c 1.6193,-5.99704 0.9985,-15.0154 -1.27219,-18.48091 -2.29463,-3.50204 -6.61684,-4.24657 -11.00842,-1.89628 -6.74082,3.60758 -9.8242,22.61769 -4.72083,29.10558 1.4249,1.81146 3.64934,3.29357 4.94319,3.29357 2.11151,0 2.0395,-0.31296 -0.70313,-3.05559 z m 30.04422,1.88315 c -3.52585,-1.50597 -8.97367,-7.5613 -10.54548,-11.72143 -1.98637,-5.25738 -1.60556,-15.52159 0.76088,-20.5085 2.34721,-4.94638 8.91536,-8.46584 13.31385,-7.13407 13.15056,3.9817 17.96198,27.60677 7.53623,37.0045 -2.96922,2.67644 -7.87458,3.72242 -11.06548,2.3595 z m 9.67486,-3.79513 c 7.39164,-5.81427 6.55653,-23.15351 -1.46013,-30.31639 -2.13354,-1.90632 -5.20069,-3.46604 -6.81588,-3.46604 -7.24237,0 -13.08447,10.15398 -11.40822,19.82828 0.84309,4.86583 4.26627,11.98036 4.34008,9.02015 0.0713,-2.85787 3.94324,-6.34843 7.04214,-6.34843 2.85467,0 6.75215,4.12893 6.75215,7.15314 0,0.87827 -1.125,2.72186 -2.5,4.09686 -3.3433,3.3433 -0.19131,3.36854 4.04986,0.0324 z M 104.5536,117.87203 c 0,-2.74349 12.35317,-11.58127 16.18792,-11.58127 2.77976,0 1.14108,2.22205 -2.12542,2.88207 -1.89062,0.38202 -5.82812,2.74616 -8.75,5.25366 -2.92187,2.50749 -5.3125,4.05799 -5.3125,3.44554 z m 45.04764,-8.62408 c -3.06755,-1.62646 -7.53943,-2.95719 -9.9375,-2.95719 -2.98215,0 -3.95457,-0.40557 -3.07686,-1.28329 1.97607,-1.97607 13.77458,1.01113 17.72178,4.48686 4.18993,3.68947 2.55429,3.60386 -4.70742,-0.24638 z M 75.803599,165.143 c 0,-0.63128 0.35637,-2.07646 0.79194,-3.21153 0.73188,-1.90726 0.43295,-1.91377 -3.94193,-0.0859 -5.66223,2.36582 -6.60812,1.78941 -4.26084,-2.59651 3.05947,-5.71668 9.2949,-9.47228 17.12379,-10.31365 l 7.16204,-0.76968 0.36362,-8.17485 0.36363,-8.17485 -7.86363,-1.4456 c -4.32499,-0.79508 -8.99669,-1.78796 -10.38155,-2.2064 -2.22578,-0.67254 -2.77092,0.22613 -4.69841,7.74544 -1.77832,6.93737 -5.90866,26.87695 -5.90866,28.52456 0,0.66644 4.04553,1.5528 7.8125,1.7117 1.89062,0.0797 3.4375,-0.3715 3.4375,-1.00276 z m 21.73321,-49.47724 c -0.078,-0.6875 -1.34361,-1.80526 -2.8125,-2.48391 -3.39539,-1.56873 -3.36501,-2.43828 0.14179,-4.05845 2.79622,-1.29187 2.79229,-1.30469 -0.67944,-2.21519 -4.52893,-1.18776 -3.68717,-3.63185 1.42443,-4.13592 2.52763,-0.24926 3.67705,-0.89978 3.13618,-1.77493 -0.56769,-0.91855 -0.0521,-1.095336 1.538771,-0.52758 1.76857,0.63118 1.59094,0.22629 -0.681091,-1.552439 -3.89629,-3.050344 -21.13994,-11.958787 -21.81309,-11.269116 -0.27783,0.284641 -0.69822,6.54247 -0.9342,13.906285 l -0.42906,13.38877 4.375,1.19744 c 5.51681,1.50995 16.92164,1.18624 16.73321,-0.47496 z m 83.812901,-25.701491 2.9311,-6.326484 -6.1136,-13.656717 c -3.36249,-7.511195 -6.11361,-14.19358 -6.11361,-14.849745 0,-0.656164 -0.57491,-1.54834 -1.27757,-1.982613 -3.65849,-2.26107 -11.13531,25.039297 -8.90552,32.517044 l 1.11821,3.75 1.63059,-3.75 c 1.51038,-3.473514 1.66624,-3.545679 2.11398,-0.97877 l 0.48337,2.771231 4.53169,-2.428841 c 5.5216,-2.959399 6.69205,-2.250931 2.91807,1.766286 l -2.8137,2.995048 2.82585,3.250023 c 1.55423,1.787513 3.03155,3.250023 3.28295,3.250023 0.2514,0 1.77609,-2.846918 3.38819,-6.326485 z"
       id="path3347"
       inkscape:connector-curvature="0" />
  </g>
</svg>
